# nlmax, ncor, nside =         191           1          64
    0  -0.7039414477466962E-04
    1   0.4519104425120263E-03
    2   0.8342411070082651E-04
    3   0.3098316881514917E-04
    4   0.1147219405827466E-03
    5   0.1569842236755923E-03
    6   0.2984840835351177E-04
    7   0.5157030733191289E-04
    8   0.1806902039705960E-03
    9   0.1183346959190437E-03
   10   0.1724537576942691E-03
   11   0.8369893897894226E-04
   12   0.8310262825157745E-04
   13   0.4959076687193099E-04
   14   0.9887714069362286E-04
   15   0.9511839261680348E-04
   16   0.8750789474434327E-04
   17   0.1134745550036513E-03
   18   0.5454900700654046E-04
   19   0.4018516162391035E-04
   20   0.6414682839862238E-04
   21   0.6994109550075402E-04
   22   0.1011117038154179E-03
   23   0.3735806947686769E-04
   24   0.7544145506505612E-04
   25   0.6419084191887662E-04
   26   0.8192887394027078E-04
   27   0.1086193800193363E-03
   28   0.1207685002805046E-03
   29   0.6402995522908942E-04
   30   0.7428292043481913E-04
   31   0.7655065993854534E-04
   32   0.5954103622316366E-04
   33   0.7131925559837452E-04
   34   0.7248084436054815E-04
   35   0.6322637178453519E-04
   36   0.5871034162605283E-04
   37   0.6568389743665705E-04
   38   0.9615100593370956E-04
   39   0.6360826079143682E-04
   40   0.4675451674443336E-04
   41   0.8500875566239417E-04
   42   0.4869753316994328E-04
   43   0.6772842863174205E-04
   44   0.4617662188482955E-04
   45   0.6264976085672722E-04
   46   0.7807596447167149E-04
   47   0.6799767996112748E-04
   48   0.9498783260559243E-04
   49   0.7032781377617808E-04
   50   0.1023056054424960E-03
   51   0.5862249769650494E-04
   52   0.7261112319875411E-04
   53   0.7923537982292689E-04
   54   0.6038833012551145E-04
   55   0.7753163607023571E-04
   56   0.7096846489954447E-04
   57   0.6742450104120411E-04
   58   0.7570244288778175E-04
   59   0.5997296775751258E-04
   60   0.6359571779276361E-04
   61   0.8382099148278915E-04
   62   0.6439947082358466E-04
   63   0.7885013539674859E-04
   64   0.6197151005814410E-04
   65   0.6199684423939432E-04
   66   0.5681041809577827E-04
   67   0.7381265771677978E-04
   68   0.7110662023952488E-04
   69   0.5213474035636431E-04
   70   0.7340854841138132E-04
   71   0.6826472966549622E-04
   72   0.1025333079512695E-03
   73   0.6950582357645179E-04
   74   0.7207347769361741E-04
   75   0.5894414628525193E-04
   76   0.8078791479170251E-04
   77   0.6116899669139373E-04
   78   0.7479156029960768E-04
   79   0.7401543776267838E-04
   80   0.6580507882822354E-04
   81   0.7434764048353859E-04
   82   0.7674640953691426E-04
   83   0.5792003477123563E-04
   84   0.5350015365853295E-04
   85   0.6324429679444577E-04
   86   0.6924519971600582E-04
   87   0.5837769716544016E-04
   88   0.6960499777219636E-04
   89   0.6335981723124653E-04
   90   0.4707039597524537E-04
   91   0.8019446661993159E-04
   92   0.5722054702201465E-04
   93   0.7737652836641620E-04
   94   0.8067182285023673E-04
   95   0.6677930396040869E-04
   96   0.3993138486446932E-04
   97   0.6548996756084646E-04
   98   0.8315583034153357E-04
   99   0.6900962372821821E-04
  100   0.7312194850834822E-04
  101   0.8401212828041778E-04
  102   0.6471277334250498E-04
  103   0.6554673510110476E-04
  104   0.5942150002326339E-04
  105   0.7514959206049023E-04
  106   0.5144090364152995E-04
  107   0.5455531355762891E-04
  108   0.8342164020012571E-04
  109   0.6734971866178727E-04
  110   0.6970948929680719E-04
  111   0.6306078330742550E-04
  112   0.6567359926249781E-04
  113   0.5636062591474253E-04
  114   0.5900171994469923E-04
  115   0.8223785225962615E-04
  116   0.6625871908183718E-04
  117   0.4989126714053051E-04
  118   0.7170340272990089E-04
  119   0.7195702130327859E-04
  120   0.6812151239067457E-04
  121   0.5764854091604805E-04
  122   0.6854855133233697E-04
  123   0.8531771751516857E-04
  124   0.6915645417100441E-04
  125   0.6519564286223084E-04
  126   0.7181772665718696E-04
  127   0.8001694073863563E-04
  128   0.8530184681022275E-04
  129   0.6668760349859183E-04
  130   0.6367504741729243E-04
  131   0.6865050264209802E-04
  132   0.6533206511420861E-04
  133   0.8016917129464267E-04
  134   0.7392903428237519E-04
  135   0.6915735225556931E-04
  136   0.8127322133720802E-04
  137   0.6452167835290992E-04
  138   0.7093244270709492E-04
  139   0.8944829452515294E-04
  140   0.7769736059132230E-04
  141   0.5893886302552481E-04
  142   0.6407441127645699E-04
  143   0.6905469193428668E-04
  144   0.6718379682883880E-04
  145   0.6471718181139067E-04
  146   0.6436297480316994E-04
  147   0.8411212777677078E-04
  148   0.7863871581472313E-04
  149   0.6126165915310472E-04
  150   0.7140228751049193E-04
  151   0.6765146799026230E-04
  152   0.6629466899139270E-04
  153   0.5990949961800385E-04
  154   0.7152774437025637E-04
  155   0.6125654159005374E-04
  156   0.7080127298187850E-04
  157   0.6948753537342590E-04
  158   0.7264275931152326E-04
  159   0.7020131278772062E-04
  160   0.7081745094893627E-04
  161   0.6298032950293811E-04
  162   0.5723862615999966E-04
  163   0.7454027213736410E-04
  164   0.8077677952236074E-04
  165   0.7791729185556443E-04
  166   0.6543281950714713E-04
  167   0.8266117847892900E-04
  168   0.7491638495233180E-04
  169   0.6643528414878038E-04
  170   0.7169957965825523E-04
  171   0.8200289821168325E-04
  172   0.7760657166924222E-04
  173   0.6329522645637788E-04
  174   0.6508434264780968E-04
  175   0.6861088652881030E-04
  176   0.7379192404977783E-04
  177   0.9533284091051828E-04
  178   0.7149653597610232E-04
  179   0.6824530181322728E-04
  180   0.7290305908225000E-04
  181   0.7093576040090730E-04
  182   0.8102314401443991E-04
  183   0.6202584285582247E-04
  184   0.6816816271651458E-04
  185   0.7789176135441992E-04
  186   0.6429618788275481E-04
  187   0.7286430814655027E-04
  188   0.6842232731796562E-04
  189   0.7980025955980590E-04
  190   0.7186138467173242E-04
  191   0.9892946904318830E-04
